[[[[-2.669248580932617, 52.96187505907603],
   [-1.8837261199951172, 53.27506837459297],
   [-1.7793560028076172, 52.8823912222619],
   [-1.4113140106201172, 52.44261787120724],
   [-1.0322856903076172, 52.30176096373671],
   [-1.3124370574951172, 52.13011607781287],
   [-2.383604049682617, 52.14023120108506],
   [-2.850522994995117, 52.53961418106945],
   [-2.669248580932617, 52.96187505907603]],
  [[-2.065000534057617, 53.00486789706824], [-2.290220260620117, 52.99825639899418], [-2.389097213745117, 52.8492298820527], [-2.218809127807617, 52.8492298820527], [-2.065000534057617, 53.00486789706824]],
  [[-1.7463970184326172, 52.43926935464697], [-1.9166851043701172, 52.3923633970718], [-2.048521041870117, 52.32526831457076], [-2.037534713745117, 52.268157373768176], [-1.7244243621826172, 52.217704193421454], [-1.7463970184326172, 52.43926935464697]]],
 [[[-1.9166851043701172, 51.580483198305345], [-2.059507369995117, 51.62483746174322], [-2.059507369995117, 51.75424007403353], [-1.6475200653076172, 51.81540697949439], [-1.4717388153076172, 51.73723454645786], [-1.4058208465576172, 51.49506473014368], [-1.9166851043701172, 51.580483198305345]]],
 [[[-0.3676128387451172, 53.06762664238738], [0.2531147003173828, 53.06762664238738], [0.3739643096923828, 52.802761415419674], [-0.07098197937011719, 52.60971939156647], [-0.6642436981201172, 52.67305135923188], [-0.3676128387451172, 53.06762664238738]],
  [[0.1597309112548828, 52.872445481488825], [0.011415481567382812, 53.001562274591464], [-0.07098197937011719, 52.948637884883205], [-0.07098197937011719, 52.8823912222619], [-0.07098197937011719, 52.82268255806928], [0.016908645629882812, 52.79279742036008], [0.1597309112548828, 52.872445481488825]]],
 [[[-0.2028179168701172, 51.791629704426924], [0.1597309112548828, 51.791629704426924], [0.1926898956298828, 51.57365561973001], [-0.0050640106201171875, 51.49848454717058], [-0.2028179168701172, 51.791629704426924]]]]